0.0
0.006283185307
0.012566370614
0.018849555921000002
0.025132741228
0.031415926535
0.037699111842000005
0.043982297149
0.050265482456
0.056548667763
0.06283185307
0.069115038377
0.07539822368400001
0.081681408991
0.087964594298
0.094247779605
0.100530964912
0.10681415021900001
0.113097335526
0.119380520833
0.12566370614
0.131946891447
0.138230076754
0.14451326206100001
0.15079644736800002
0.157079632675
0.163362817982
0.169646003289
0.175929188596
0.18221237390300002
0.18849555921
0.194778744517
0.201061929824
0.207345115131
0.21362830043800002
0.219911485745
0.226194671052
0.232477856359
0.238761041666
0.24504422697300002
0.25132741228
0.257610597587
0.263893782894
0.270176968201
0.276460153508
0.282743338815
0.28902652412200003
0.29530970942900003
0.30159289473600004
0.307876080043
0.31415926535
0.320442450657
0.326725635964
0.333008821271
0.339292006578
0.345575191885
0.351858377192
0.35814156249900003
0.36442474780600004
0.370707933113
0.37699111842
0.383274303727
0.389557489034
0.395840674341
0.402123859648
0.408407044955
0.414690230262
0.42097341556900003
0.42725660087600004
0.43353978618300004
0.43982297149
0.446106156797
0.452389342104
0.458672527411
0.464955712718
0.471238898025
0.477522083332
0.48380526863900003
0.49008845394600004
0.49637163925300004
0.50265482456
0.508938009867
0.515221195174
0.521504380481
0.527787565788
0.534070751095
0.540353936402
0.546637121709
0.552920307016
0.559203492323
0.56548667763
0.571769862937
0.5780530482440001
0.5843362335510001
0.5906194188580001
0.5969026041650001
0.6031857894720001
0.609468974779
0.615752160086
0.622035345393
0.6283185307
0.634601716007
0.640884901314
0.647168086621
0.653451271928
0.659734457235
0.666017642542
0.672300827849
0.678584013156
0.684867198463
0.69115038377
0.697433569077
0.703716754384
0.7099999396910001
0.7162831249980001
0.7225663103050001
0.7288494956120001
0.7351326809190001
0.741415866226
0.747699051533
0.75398223684
0.760265422147
0.766548607454
0.772831792761
0.779114978068
0.785398163375
0.791681348682
0.797964533989
0.804247719296
0.810530904603
0.81681408991
0.823097275217
0.829380460524
0.8356636458310001
0.8419468311380001
0.8482300164450001
0.8545132017520001
0.8607963870590001
0.8670795723660001
0.873362757673
0.87964594298
0.885929128287
0.892212313594
0.898495498901
0.904778684208
0.911061869515
0.917345054822
0.923628240129
0.929911425436
0.936194610743
0.94247779605
0.948760981357
0.955044166664
0.961327351971
0.9676105372780001
0.9738937225850001
0.9801769078920001
0.9864600931990001
0.9927432785060001
0.9990264638130001
1.00530964912
1.011592834427
1.017876019734
1.024159205041
1.030442390348
1.036725575655
1.043008760962
1.049291946269
1.055575131576
1.061858316883
1.06814150219
1.074424687497
1.080707872804
1.086991058111
1.093274243418
1.099557428725
1.105840614032
1.112123799339
1.118406984646
1.124690169953
1.13097335526
1.137256540567
1.143539725874
1.149822911181
1.1561060964880001
1.1623892817950001
1.1686724671020001
1.1749556524090001
1.1812388377160001
1.1875220230230001
1.1938052083300001
1.2000883936370002
1.2063715789440002
1.212654764251
1.218937949558
1.225221134865
1.231504320172
1.237787505479
1.244070690786
1.250353876093
1.2566370614
1.262920246707
1.269203432014
1.275486617321
1.281769802628
1.288052987935
1.294336173242
1.300619358549
1.306902543856
1.313185729163
1.31946891447
1.325752099777
1.332035285084
1.338318470391
1.344601655698
1.350884841005
1.357168026312
1.363451211619
1.369734396926
1.376017582233
1.38230076754
1.388583952847
1.394867138154
1.401150323461
1.407433508768
1.4137166940750001
1.4199998793820001
1.4262830646890001
1.4325662499960001
1.4388494353030001
1.4451326206100001
1.4514158059170001
1.4576989912240002
1.4639821765310002
1.4702653618380002
1.476548547145
1.482831732452
1.489114917759
1.495398103066
1.501681288373
1.50796447368
1.514247658987
1.520530844294
1.526814029601
1.533097214908
1.539380400215
1.545663585522
1.551946770829
1.558229956136
1.564513141443
1.57079632675
1.577079512057
1.583362697364
1.589645882671
1.595929067978
1.602212253285
1.608495438592
1.614778623899
1.621061809206
1.627344994513
1.63362817982
1.639911365127
1.646194550434
1.652477735741
1.658760921048
1.665044106355
1.6713272916620001
1.6776104769690001
1.6838936622760001
1.6901768475830001
1.6964600328900001
1.7027432181970001
1.7090264035040001
1.7153095888110002
1.7215927741180002
1.7278759594250002
1.7341591447320002
1.7404423300390002
1.746725515346
1.753008700653
1.75929188596
1.765575071267
1.771858256574
1.778141441881
1.784424627188
1.790707812495
1.796990997802
1.803274183109
1.809557368416
1.815840553723
1.82212373903
1.828406924337
1.834690109644
1.840973294951
1.847256480258
1.853539665565
1.859822850872
1.866106036179
1.872389221486
1.878672406793
1.8849555921
1.891238777407
1.897521962714
1.903805148021
1.910088333328
1.916371518635
1.922654703942
1.9289378892490001
1.9352210745560001
1.9415042598630001
1.9477874451700001
1.9540706304770001
1.9603538157840001
1.9666370010910001
1.9729201863980002
1.9792033717050002
1.9854865570120002
1.9917697423190002
1.9980529276260002
2.004336112933
2.01061929824
2.016902483547
2.023185668854
2.029468854161
2.035752039468
2.042035224775
2.048318410082
2.0546015953890002
2.060884780696
2.0671679660030002
2.07345115131
2.0797343366170002
2.086017521924
2.0923007072310003
2.098583892538
2.1048670778450003
2.111150263152
2.1174334484590003
2.123716633766
2.1299998190730003
2.13628300438
2.1425661896870003
2.148849374994
2.155132560301
2.161415745608
2.167698930915
2.173982116222
2.180265301529
2.186548486836
2.192831672143
2.19911485745
2.205398042757
2.211681228064
2.217964413371
2.224247598678
2.230530783985
2.236813969292
2.243097154599
2.249380339906
2.255663525213